()Grid 0 1 
(0 0 3 0 2 0 6 0 0)
(9 0 0 3 0 5 0 0 1)
(0 0 1 8 0 6 4 0 0)
(0 0 8 1 0 2 9 0 0)
(7 0 0 0 0 0 0 0 8)
(0 0 6 7 0 8 2 0 0)
(0 0 2 6 0 9 5 0 0)
(8 0 0 2 0 3 0 0 9)
(0 0 5 0 1 0 3 0 0)
()Grid 0 2 
(2 0 0 0 8 0 3 0 0)
(0 6 0 0 7 0 0 8 4)
(0 3 0 5 0 0 2 0 9)
(0 0 0 1 0 5 4 0 8)
(0 0 0 0 0 0 0 0 0)
(4 0 2 7 0 6 0 0 0)
(3 0 1 0 0 7 0 4 0)
(7 2 0 0 4 0 0 6 0)
(0 0 4 0 1 0 0 0 3)
()Grid 0 3 
(0 0 0 0 0 0 9 0 7)
(0 0 0 4 2 0 1 8 0)
(0 0 0 7 0 5 0 2 6)
(1 0 0 9 0 4 0 0 0)
(0 5 0 0 0 0 0 4 0)
(0 0 0 5 0 7 0 0 9)
(9 2 0 1 0 8 0 0 0)
(0 3 4 0 5 9 0 0 0)
(5 0 7 0 0 0 0 0 0)
()Grid 0 4 
(0 3 0 0 5 0 0 4 0)
(0 0 8 0 1 0 5 0 0)
(4 6 0 0 0 0 0 1 2)
(0 7 0 5 0 2 0 8 0)
(0 0 0 6 0 3 0 0 0)
(0 4 0 1 0 9 0 3 0)
(2 5 0 0 0 0 0 9 8)
(0 0 1 0 2 0 6 0 0)
(0 8 0 0 6 0 0 2 0)
()Grid 0 5 
(0 2 0 8 1 0 7 4 0)
(7 0 0 0 0 3 1 0 0)
(0 9 0 0 0 2 8 0 5)
(0 0 9 0 4 0 0 8 7)
(4 0 0 2 0 8 0 0 3)
(1 6 0 0 3 0 2 0 0)
(3 0 2 7 0 0 0 6 0)
(0 0 5 6 0 0 0 0 8)
(0 7 6 0 5 1 0 9 0)
()Grid 0 6 
(1 0 0 9 2 0 0 0 0)
(5 2 4 0 1 0 0 0 0)
(0 0 0 0 0 0 0 7 0)
(0 5 0 0 0 8 1 0 2)
(0 0 0 0 0 0 0 0 0)
(4 0 2 7 0 0 0 9 0)
(0 6 0 0 0 0 0 0 0)
(0 0 0 0 3 0 9 4 5)
(0 0 0 0 7 1 0 0 6)
()Grid 0 7 
(0 4 3 0 8 0 2 5 0)
(6 0 0 0 0 0 0 0 0)
(0 0 0 0 0 1 0 9 4)
(9 0 0 0 0 4 0 7 0)
(0 0 0 6 0 8 0 0 0)
(0 1 0 2 0 0 0 0 3)
(8 2 0 5 0 0 0 0 0)
(0 0 0 0 0 0 0 0 5)
(0 3 4 0 9 0 7 1 0)
()Grid 0 8 
(4 8 0 0 0 6 9 0 2)
(0 0 2 0 0 8 0 0 1)
(9 0 0 3 7 0 0 6 0)
(8 4 0 0 1 0 2 0 0)
(0 0 3 7 0 4 1 0 0)
(0 0 1 0 6 0 0 4 9)
(0 2 0 0 8 5 0 0 7)
(7 0 0 9 0 0 6 0 0)
(6 0 9 2 0 0 0 1 8)
()Grid 0 9 
(0 0 0 9 0 0 0 0 2)
(0 5 0 1 2 3 4 0 0)
(0 3 0 0 0 0 1 6 0)
(9 0 8 0 0 0 0 0 0)
(0 7 0 0 0 0 0 9 0)
(0 0 0 0 0 0 2 0 5)
(0 9 1 0 0 0 0 5 0)
(0 0 7 4 3 9 0 2 0)
(4 0 0 0 0 7 0 0 0)
()Grid 1 0 
(0 0 1 9 0 0 0 0 3)
(9 0 0 7 0 0 1 6 0)
(0 3 0 0 0 5 0 0 7)
(0 5 0 0 0 0 0 0 9)
(0 0 4 3 0 2 6 0 0)
(2 0 0 0 0 0 0 7 0)
(6 0 0 1 0 0 0 3 0)
(0 4 2 0 0 7 0 0 6)
(5 0 0 0 0 6 8 0 0)
()Grid 1 1 
(0 0 0 1 2 5 4 0 0)
(0 0 8 4 0 0 0 0 0)
(4 2 0 8 0 0 0 0 0)
(0 3 0 0 0 0 0 9 5)
(0 6 0 9 0 2 0 1 0)
(5 1 0 0 0 0 0 6 0)
(0 0 0 0 0 3 0 4 9)
(0 0 0 0 0 7 2 0 0)
(0 0 1 2 9 8 0 0 0)
()Grid 1 2 
(0 6 2 3 4 0 7 5 0)
(1 0 0 0 0 5 6 0 0)
(5 7 0 0 0 0 0 4 0)
(0 0 0 0 9 4 8 0 0)
(4 0 0 0 0 0 0 0 6)
(0 0 5 8 3 0 0 0 0)
(0 3 0 0 0 0 0 9 1)
(0 0 6 4 0 0 0 0 7)
(0 5 9 0 8 3 2 6 0)
()Grid 1 3 
(3 0 0 0 0 0 0 0 0)
(0 0 5 0 0 9 0 0 0)
(2 0 0 5 0 4 0 0 0)
(0 2 0 0 0 0 7 0 0)
(1 6 0 0 0 0 0 5 8)
(7 0 4 3 1 0 6 0 0)
(0 0 0 8 9 0 1 0 0)
(0 0 0 0 6 7 0 8 0)
(0 0 0 0 0 5 4 3 7)
()Grid 1 4 
(6 3 0 0 0 0 0 0 0)
(0 0 0 5 0 0 0 0 8)
(0 0 5 6 7 4 0 0 0)
(0 0 0 0 2 0 0 0 0)
(0 0 3 4 0 1 0 2 0)
(0 0 0 0 0 0 3 4 5)
(0 0 0 0 0 7 0 0 4)
(0 8 0 3 0 0 9 0 2)
(9 4 7 1 0 0 0 8 0)
()Grid 1 5 
(0 0 0 0 2 0 0 4 0)
(0 0 8 0 3 5 0 0 0)
(0 0 0 0 7 0 6 0 2)
(0 3 1 0 4 6 9 7 0)
(2 0 0 0 0 0 0 0 0)
(0 0 0 5 0 1 2 0 3)
(0 4 9 0 0 0 7 3 0)
(0 0 0 0 0 0 0 1 0)
(8 0 0 0 0 4 0 0 0)
()Grid 1 6 
(3 6 1 0 2 5 9 0 0)
(0 8 0 9 6 0 0 1 0)
(4 0 0 0 0 0 0 5 7)
(0 0 8 0 0 0 4 7 1)
(0 0 0 6 0 3 0 0 0)
(2 5 9 0 0 0 8 0 0)
(7 4 0 0 0 0 0 0 5)
(0 2 0 0 1 8 0 6 0)
(0 0 5 4 7 0 3 2 9)
()Grid 1 7 
(0 5 0 8 0 7 0 2 0)
(6 0 0 0 1 0 0 9 0)
(7 0 2 5 4 0 0 0 6)
(0 7 0 0 2 0 3 0 1)
(5 0 4 0 0 0 9 0 8)
(1 0 3 0 8 0 0 7 0)
(9 0 0 0 7 6 2 0 5)
(0 6 0 0 9 0 0 0 3)
(0 8 0 1 0 3 0 4 0)
()Grid 1 8 
(0 8 0 0 0 5 0 0 0)
(0 0 0 0 0 3 4 5 7)
(0 0 0 0 7 0 8 0 9)
(0 6 0 4 0 0 9 0 3)
(0 0 7 0 1 0 5 0 0)
(4 0 8 0 0 7 0 2 0)
(9 0 1 0 2 0 0 0 0)
(8 4 2 3 0 0 0 0 0)
(0 0 0 1 0 0 0 8 0)
()Grid 1 9 
(0 0 3 5 0 2 9 0 0)
(0 0 0 0 4 0 0 0 0)
(1 0 6 0 0 0 3 0 5)
(9 0 0 2 5 1 0 0 8)
(0 7 0 4 0 8 0 3 0)
(8 0 0 7 6 3 0 0 1)
(3 0 8 0 0 0 1 0 4)
(0 0 0 0 2 0 0 0 0)
(0 0 5 1 0 4 8 0 0)
()Grid 2 0 
(0 0 0 0 0 0 0 0 0)
(0 0 9 8 0 5 1 0 0)
(0 5 1 9 0 7 4 2 0)
(2 9 0 4 0 1 0 6 5)
(0 0 0 0 0 0 0 0 0)
(1 4 0 5 0 8 0 9 3)
(0 2 6 7 0 9 5 8 0)
(0 0 5 1 0 3 6 0 0)
(0 0 0 0 0 0 0 0 0)
()Grid 2 1 
(0 2 0 0 3 0 0 9 0)
(0 0 0 9 0 7 0 0 0)
(9 0 0 2 0 8 0 0 5)
(0 0 4 8 0 6 5 0 0)
(6 0 7 0 0 0 2 0 8)
(0 0 3 1 0 2 9 0 0)
(8 0 0 6 0 5 0 0 7)
(0 0 0 3 0 9 0 0 0)
(0 3 0 0 2 0 0 5 0)
()Grid 2 2 
(0 0 5 0 0 0 0 0 6)
(0 7 0 0 0 9 0 2 0)
(0 0 0 5 0 0 1 0 7)
(8 0 4 1 5 0 0 0 0)
(0 0 0 8 0 3 0 0 0)
(0 0 0 0 9 2 8 0 5)
(9 0 7 0 0 6 0 0 0)
(0 3 0 4 0 0 0 1 0)
(2 0 0 0 0 0 6 0 0)
()Grid 2 3 
(0 4 0 0 0 0 0 5 0)
(0 0 1 9 4 3 6 0 0)
(0 0 9 0 0 0 3 0 0)
(6 0 0 0 5 0 0 0 2)
(1 0 3 0 0 0 5 0 6)
(8 0 0 0 2 0 0 0 7)
(0 0 5 0 0 0 2 0 0)
(0 0 2 4 3 6 7 0 0)
(0 3 0 0 0 0 0 4 0)
()Grid 2 4 
(0 0 4 0 0 0 0 0 0)
(0 0 0 0 3 0 0 0 2)
(3 9 0 7 0 0 0 8 0)
(4 0 0 0 0 9 0 0 1)
(2 0 9 8 0 1 3 0 7)
(6 0 0 2 0 0 0 0 8)
(0 1 0 0 0 8 0 5 3)
(9 0 0 0 4 0 0 0 0)
(0 0 0 0 0 0 8 0 0)
()Grid 2 5 
(3 6 0 0 2 0 0 8 9)
(0 0 0 3 6 1 0 0 0)
(0 0 0 0 0 0 0 0 0)
(8 0 3 0 0 0 6 0 2)
(4 0 0 6 0 3 0 0 7)
(6 0 7 0 0 0 1 0 8)
(0 0 0 0 0 0 0 0 0)
(0 0 0 4 1 8 0 0 0)
(9 7 0 0 3 0 0 1 4)
()Grid 2 6 
(5 0 0 4 0 0 0 6 0)
(0 0 9 0 0 0 8 0 0)
(6 4 0 0 2 0 0 0 0)
(0 0 0 0 0 1 0 0 8)
(2 0 8 0 0 0 5 0 1)
(7 0 0 5 0 0 0 0 0)
(0 0 0 0 9 0 0 8 4)
(0 0 3 0 0 0 6 0 0)
(0 6 0 0 0 3 0 0 2)
()Grid 2 7 
(0 0 7 2 5 6 4 0 0)
(4 0 0 0 0 0 0 0 5)
(0 1 0 0 3 0 0 6 0)
(0 0 0 5 0 8 0 0 0)
(0 0 8 0 6 0 2 0 0)
(0 0 0 1 0 7 0 0 0)
(0 3 0 0 7 0 0 9 0)
(2 0 0 0 0 0 0 0 4)
(0 0 6 3 1 2 7 0 0)
()Grid 2 8 
(0 0 0 0 0 0 0 0 0)
(0 7 9 0 5 0 1 8 0)
(8 0 0 0 0 0 0 0 7)
(0 0 7 3 0 6 8 0 0)
(4 5 0 7 0 8 0 9 6)
(0 0 3 5 0 2 7 0 0)
(7 0 0 0 0 0 0 0 5)
(0 1 6 0 3 0 4 2 0)
(0 0 0 0 0 0 0 0 0)
()Grid 2 9 
(0 3 0 0 0 0 0 8 0)
(0 0 9 0 0 0 5 0 0)
(0 0 7 5 0 9 2 0 0)
(7 0 0 1 0 5 0 0 8)
(0 2 0 0 9 0 0 3 0)
(9 0 0 4 0 2 0 0 1)
(0 0 4 2 0 7 1 0 0)
(0 0 2 0 0 0 8 0 0)
(0 7 0 0 0 0 0 9 0)
()Grid 3 0 
(2 0 0 1 7 0 6 0 3)
(0 5 0 0 0 0 1 0 0)
(0 0 0 0 0 6 0 7 9)
(0 0 0 0 4 0 7 0 0)
(0 0 0 8 0 1 0 0 0)
(0 0 9 0 5 0 0 0 0)
(3 1 0 4 0 0 0 0 0)
(0 0 5 0 0 0 0 6 0)
(9 0 6 0 3 7 0 0 2)
()Grid 3 1 
(0 0 0 0 0 0 0 8 0)
(8 0 0 7 0 1 0 4 0)
(0 4 0 0 2 0 0 3 0)
(3 7 4 0 0 0 9 0 0)
(0 0 0 0 3 0 0 0 0)
(0 0 5 0 0 0 3 2 1)
(0 1 0 0 6 0 0 5 0)
(0 5 0 8 0 2 0 0 6)
(0 8 0 0 0 0 0 0 0)
()Grid 3 2 
(0 0 0 0 0 0 0 8 5)
(0 0 0 2 1 0 0 0 9)
(9 6 0 0 8 0 1 0 0)
(5 0 0 8 0 0 0 1 6)
(0 0 0 0 0 0 0 0 0)
(8 9 0 0 0 6 0 0 7)
(0 0 9 0 7 0 0 5 2)
(3 0 0 0 5 4 0 0 0)
(4 8 0 0 0 0 0 0 0)
()Grid 3 3 
(6 0 8 0 7 0 5 0 2)
(0 5 0 6 0 8 0 7 0)
(0 0 2 0 0 0 3 0 0)
(5 0 0 0 9 0 0 0 6)
(0 4 0 3 0 2 0 5 0)
(8 0 0 0 5 0 0 0 3)
(0 0 5 0 0 0 2 0 0)
(0 1 0 7 0 4 0 9 0)
(4 0 9 0 6 0 7 0 1)
()Grid 3 4 
(0 5 0 0 1 0 0 4 0)
(1 0 7 0 0 0 6 0 2)
(0 0 0 9 0 5 0 0 0)
(2 0 8 0 3 0 5 0 1)
(0 4 0 0 7 0 0 2 0)
(9 0 1 0 8 0 4 0 6)
(0 0 0 4 0 1 0 0 0)
(3 0 4 0 0 0 7 0 9)
(0 2 0 0 6 0 0 1 0)
()Grid 3 5 
(0 5 3 0 0 0 7 9 0)
(0 0 9 7 5 3 4 0 0)
(1 0 0 0 0 0 0 0 2)
(0 9 0 0 8 0 0 1 0)
(0 0 0 9 0 7 0 0 0)
(0 8 0 0 3 0 0 7 0)
(5 0 0 0 0 0 0 0 3)
(0 0 7 6 4 1 2 0 0)
(0 6 1 0 0 0 9 4 0)
()Grid 3 6 
(0 0 6 0 8 0 3 0 0)
(0 4 9 0 7 0 2 5 0)
(0 0 0 4 0 5 0 0 0)
(6 0 0 3 1 7 0 0 4)
(0 0 7 0 0 0 8 0 0)
(1 0 0 8 2 6 0 0 9)
(0 0 0 7 0 2 0 0 0)
(0 7 5 0 4 0 1 9 0)
(0 0 3 0 9 0 6 0 0)
()Grid 3 7 
(0 0 5 0 8 0 7 0 0)
(7 0 0 2 0 4 0 0 5)
(3 2 0 0 0 0 0 8 4)
(0 6 0 1 0 5 0 4 0)
(0 0 8 0 0 0 5 0 0)
(0 7 0 8 0 3 0 1 0)
(4 5 0 0 0 0 0 9 1)
(6 0 0 5 0 8 0 0 7)
(0 0 3 0 1 0 6 0 0)
()Grid 3 8 
(0 0 0 9 0 0 8 0 0)
(1 2 8 0 0 6 4 0 0)
(0 7 0 8 0 0 0 6 0)
(8 0 0 4 3 0 0 0 7)
(5 0 0 0 0 0 0 0 9)
(6 0 0 0 7 9 0 0 8)
(0 9 0 0 0 4 0 1 0)
(0 0 3 6 0 0 2 8 4)
(0 0 1 0 0 7 0 0 0)
()Grid 3 9 
(0 0 0 0 8 0 0 0 0)
(2 7 0 0 0 0 0 5 4)
(0 9 5 0 0 0 8 1 0)
(0 0 9 8 0 6 4 0 0)
(0 2 0 4 0 3 0 6 0)
(0 0 6 9 0 5 1 0 0)
(0 1 7 0 0 0 6 2 0)
(4 6 0 0 0 0 0 3 8)
(0 0 0 0 9 0 0 0 0)
()Grid 4 0 
(0 0 0 6 0 2 0 0 0)
(4 0 0 0 5 0 0 0 1)
(0 8 5 0 1 0 6 2 0)
(0 3 8 2 0 6 7 1 0)
(0 0 0 0 0 0 0 0 0)
(0 1 9 4 0 7 3 5 0)
(0 2 6 0 4 0 5 3 0)
(9 0 0 0 2 0 0 0 7)
(0 0 0 8 0 9 0 0 0)
()Grid 4 1 
(0 0 0 9 0 0 0 0 2)
(0 5 0 1 2 3 4 0 0)
(0 3 0 0 0 0 1 6 0)
(9 0 8 0 0 0 0 0 0)
(0 7 0 0 0 0 0 9 0)
(0 0 0 0 0 0 2 0 5)
(0 9 1 0 0 0 0 5 0)
(0 0 7 4 3 9 0 2 0)
(4 0 0 0 0 7 0 0 0)
()Grid 4 2 
(3 8 0 0 0 0 0 0 0)
(0 0 0 4 0 0 7 8 5)
(0 0 9 0 2 0 3 0 0)
(0 6 0 0 9 0 0 0 0)
(8 0 0 3 0 2 0 0 9)
(0 0 0 0 4 0 0 7 0)
(0 0 1 0 7 0 5 0 0)
(4 9 5 0 0 6 0 0 0)
(0 0 0 0 0 0 0 9 2)
()Grid 4 3 
(0 0 0 1 5 8 0 0 0)
(0 0 2 0 6 0 8 0 0)
(0 3 0 0 0 0 0 4 0)
(0 2 7 0 3 0 5 1 0)
(0 0 0 0 0 0 0 0 0)
(0 4 6 0 8 0 7 9 0)
(0 5 0 0 0 0 0 8 0)
(0 0 4 0 7 0 1 0 0)
(0 0 0 3 2 5 0 0 0)
()Grid 4 4 
(0 1 0 5 0 0 2 0 0)
(9 0 0 0 0 1 0 0 0)
(0 0 2 0 0 8 0 3 0)
(5 0 0 0 3 0 0 0 7)
(0 0 8 0 0 0 5 0 0)
(6 0 0 0 8 0 0 0 4)
(0 4 0 1 0 0 7 0 0)
(0 0 0 7 0 0 0 0 6)
(0 0 3 0 0 4 0 5 0)
()Grid 4 5 
(0 8 0 0 0 0 0 4 0)
(0 0 0 4 6 9 0 0 0)
(4 0 0 0 0 0 0 0 7)
(0 0 5 9 0 4 6 0 0)
(0 7 0 6 0 8 0 3 0)
(0 0 8 5 0 2 1 0 0)
(9 0 0 0 0 0 0 0 5)
(0 0 0 7 8 1 0 0 0)
(0 6 0 0 0 0 0 1 0)
()Grid 4 6 
(9 0 4 2 0 0 0 0 7)
(0 1 0 0 0 0 0 0 0)
(0 0 0 7 0 6 5 0 0)
(0 0 0 8 0 0 0 9 0)
(0 2 0 9 0 4 0 6 0)
(0 4 0 0 0 2 0 0 0)
(0 0 1 6 0 7 0 0 0)
(0 0 0 0 0 0 0 3 0)
(3 0 0 0 0 5 7 0 2)
()Grid 4 7 
(0 0 0 7 0 0 8 0 0)
(0 0 6 0 0 0 0 3 1)
(0 4 0 0 0 2 0 0 0)
(0 2 4 0 7 0 0 0 0)
(0 1 0 0 3 0 0 8 0)
(0 0 0 0 6 0 2 9 0)
(0 0 0 8 0 0 0 7 0)
(8 6 0 0 0 0 5 0 0)
(0 0 2 0 0 6 0 0 0)
()Grid 4 8 
(0 0 1 0 0 7 0 9 0)
(5 9 0 0 8 0 0 0 1)
(0 3 0 0 0 0 0 8 0)
(0 0 0 0 0 5 8 0 0)
(0 5 0 0 6 0 0 2 0)
(0 0 4 1 0 0 0 0 0)
(0 8 0 0 0 0 0 3 0)
(1 0 0 0 2 0 0 7 9)
(0 2 0 7 0 0 4 0 0)
()Grid 4 9 
(0 0 0 0 0 3 0 1 7)
(0 1 5 0 0 9 0 0 8)
(0 6 0 0 0 0 0 0 0)
(1 0 0 0 0 7 0 0 0)
(0 0 9 0 0 0 2 0 0)
(0 0 0 5 0 0 0 0 4)
(0 0 0 0 0 0 0 2 0)
(5 0 0 6 0 0 3 4 0)
(3 4 0 2 0 0 0 0 0)
()Grid 5 0 
(3 0 0 2 0 0 0 0 0)
(0 0 0 1 0 7 0 0 0)
(7 0 6 0 3 0 5 0 0)
(0 7 0 0 0 9 0 8 0)
(9 0 0 0 2 0 0 0 4)
(0 1 0 8 0 0 0 5 0)
(0 0 9 0 4 0 3 0 1)
(0 0 0 7 0 2 0 0 0)
(0 0 0 0 0 8 0 0 6)
